#     Omega_sfdm_1, sfdm_parameters_1__1, sfdm_parameters_1__2,          omega_b,               H0,                M,     Omega_Lambda,          Omega_m
 4.385453e-05	-5.917322e-04	 2.955883e-04	-3.146764e-08	-1.640424e-03	-3.171451e-05	-4.619273e-05	 2.334435e-06	
-5.917322e-04	 1.488985e+00	 5.063712e-01	-6.367402e-07	 2.538518e-01	 7.623083e-03	 9.669600e-04	-3.746396e-04	
 2.955883e-04	 5.063712e-01	 1.920405e+00	 1.990279e-06	-9.481691e-02	-2.859698e-03	-4.444391e-04	 1.486259e-04	
-3.146764e-08	-6.367402e-07	 1.990279e-06	 9.883758e-09	 3.904249e-06	 1.160888e-07	 1.589029e-08	 1.558630e-08	
-1.640424e-03	 2.538518e-01	-9.481691e-02	 3.904249e-06	 7.937891e-01	 2.397058e-02	 2.796393e-03	-1.154144e-03	
-3.171451e-05	 7.623083e-03	-2.859698e-03	 1.160888e-07	 2.397058e-02	 7.488686e-04	 6.662694e-05	-3.485733e-05	
-4.619273e-05	 9.669600e-04	-4.444391e-04	 1.589029e-08	 2.796393e-03	 6.662694e-05	 5.026080e-05	-4.061642e-06	
 2.334435e-06	-3.746396e-04	 1.486259e-04	 1.558630e-08	-1.154144e-03	-3.485733e-05	-4.061642e-06	 1.724554e-06	
